0	0.00324	0.000000000	0.000000000	0.000000000	0.00000	0.00000	0.00000	0.0000	0.0000	0.0000
1	0.00050	0.000000000	0.000000000	0.000000000	0.00000	0.00000	0.00000	0.0000	0.0000	0.0000
2	0.00021	0.000000000	0.000000000	0.000000000	0.00000	0.00000	0.00000	0.0000	0.0000	0.0000
3	0.00016	0.000000000	0.000000000	0.000000000	0.00000	0.00000	0.00000	0.0000	0.0000	0.0000
4	0.00013	0.000000000	0.000000000	0.000000000	0.00000	0.00000	0.00000	0.0000	0.0000	0.0000
5	0.00009	0.000000000	0.000000000	0.000000000	0.00000	0.00000	0.00000	0.0000	0.0000	0.0000
6	0.00010	0.000000000	0.000000000	0.000000000	0.00000	0.00000	0.00000	0.0000	0.0000	0.0000
7	0.00008	0.000000000	0.000000000	0.000000000	0.00000	0.00000	0.00000	0.0000	0.0000	0.0000
8	0.00007	0.000000000	0.000000000	0.000000000	0.00000	0.00000	0.00000	0.0000	0.0000	0.0000
9	0.00008	0.000000000	0.000000000	0.000000000	0.00000	0.00000	0.00000	0.0000	0.0000	0.0000
10	0.00008	0.000000000	0.000000000	0.000000000	0.00000	0.00000	0.00000	0.0000	0.0000	0.0000
11	0.00008	0.000000000	0.000000000	0.000000000	0.00000	0.00000	0.00000	0.0000	0.0000	0.0000
12	0.00009	0.000000000	0.000000000	0.000000000	0.00000	0.00000	0.00000	0.0000	0.0000	0.0000
13	0.00010	0.000000000	0.000000000	0.000000000	0.00000	0.00000	0.00000	0.0000	0.0000	0.0000
14	0.00011	0.000000000	0.000000000	0.000000000	0.00000	0.00000	0.00000	0.0000	0.0000	0.0000
15	0.00013	0.000000000	0.000000000	0.000000000	0.00000	0.00000	0.00000	0.0000	0.0000	0.0000
16	0.00012	0.000000000	0.000000000	0.000000000	0.00000	0.00000	0.00000	0.0000	0.0000	0.0000
17	0.00015	0.000000000	0.000000000	0.000000000	0.00000	0.00000	0.00000	0.0000	0.0000	0.0000
18	0.00019	0.000000000	0.000000000	0.000000000	0.00000	0.00000	0.00000	0.0000	0.0000	0.0000
19	0.00018	0.000000000	0.000000000	0.000000000	0.00000	0.00000	0.00000	0.0000	0.0000	0.0000
20	0.00019	0.000001599	0.000000267	0.000001333	0.04877	0.04877	0.04877	0.0871	0.1371	0.1592
21	0.00017	0.000001599	0.000000267	0.000001333	0.04877	0.04877	0.04877	0.0871	0.1371	0.1592
22	0.00022	0.000001599	0.000000267	0.000001333	0.04877	0.04877	0.04877	0.0871	0.1371	0.1592
23	0.00019	0.000001599	0.000000267	0.000001333	0.04877	0.04877	0.04877	0.0871	0.1371	0.1592
24	0.00021	0.000001599	0.000000267	0.000001333	0.04877	0.04877	0.04877	0.0871	0.1371	0.1592
25	0.00016	0.000001866	0.000004265	0.000007464	0.04877	0.04877	0.04877	0.0871	0.1371	0.1592
26	0.00025	0.000001866	0.000004265	0.000007464	0.04877	0.04877	0.04877	0.0871	0.1371	0.1592
27	0.00025	0.000001866	0.000004265	0.000007464	0.04877	0.04877	0.04877	0.0871	0.1371	0.1592
28	0.00025	0.000001866	0.000004265	0.000007464	0.04877	0.04877	0.04877	0.0871	0.1371	0.1592
29	0.00027	0.000001866	0.000004265	0.000007464	0.04877	0.04877	0.04877	0.0871	0.1371	0.1592
30	0.00032	0.000001657	0.000012702	0.000019882	0.04877	0.04877	0.04877	0.0871	0.1371	0.1592
31	0.00034	0.000001657	0.000012702	0.000019882	0.04877	0.04877	0.04877	0.0871	0.1371	0.1592
32	0.00033	0.000001657	0.000012702	0.000019882	0.04877	0.04877	0.04877	0.0871	0.1371	0.1592
33	0.00041	0.000001657	0.000012702	0.000019882	0.04877	0.04877	0.04877	0.0871	0.1371	0.1592
34	0.00041	0.000001657	0.000012702	0.000019882	0.04877	0.04877	0.04877	0.0871	0.1371	0.1592
35	0.00046	0.000011874	0.000022091	0.000040592	0.04877	0.04877	0.04877	0.0871	0.1371	0.1592
36	0.00050	0.000011874	0.000022091	0.000040592	0.04877	0.04877	0.04877	0.0871	0.1371	0.1592
37	0.00054	0.000011874	0.000022091	0.000040592	0.04877	0.04877	0.04877	0.0871	0.1371	0.1592
38	0.00060	0.000011874	0.000022091	0.000040592	0.04877	0.04877	0.04877	0.0871	0.1371	0.1592
39	0.00064	0.000011874	0.000022091	0.000040592	0.04877	0.04877	0.04877	0.0871	0.1371	0.1592
40	0.00070	0.000021251	0.000051645	0.000052633	0.04877	0.04877	0.04877	0.0871	0.1371	0.1592
41	0.00090	0.000021251	0.000051645	0.000052633	0.04877	0.04877	0.04877	0.0871	0.1371	0.1592
42	0.00091	0.000021251	0.000051645	0.000052633	0.04877	0.04877	0.04877	0.0871	0.1371	0.1592
43	0.00102	0.000021251	0.000051645	0.000052633	0.04877	0.04877	0.04877	0.0871	0.1371	0.1592
44	0.00120	0.000021251	0.000051645	0.000052633	0.04877	0.04877	0.04877	0.0871	0.1371	0.1592
45	0.00134	0.000039784	0.000060046	0.000066470	0.04877	0.04877	0.04877	0.0871	0.1371	0.1592
46	0.00147	0.000039784	0.000060046	0.000066470	0.04877	0.04877	0.04877	0.0871	0.1371	0.1592
47	0.00172	0.000039784	0.000060046	0.000066470	0.04877	0.04877	0.04877	0.0871	0.1371	0.1592
48	0.00185	0.000039784	0.000060046	0.000066470	0.04877	0.04877	0.04877	0.0871	0.1371	0.1592
49	0.00201	0.000209486	0.000310530	0.000325030	0.04877	0.04877	0.04877	0.0871	0.1371	0.1592
50	0.00233	0.000209486	0.000310530	0.000325030	0.04877	0.04877	0.04877	0.0871	0.1371	0.1592
51	0.00271	0.000209486	0.000310530	0.000325030	0.04877	0.04877	0.04877	0.0871	0.1371	0.1592
52	0.00288	0.000209486	0.000310530	0.000325030	0.04877	0.04877	0.04877	0.0871	0.1371	0.1592
53	0.00308	0.000209486	0.000310530	0.000325030	0.04877	0.04877	0.04877	0.0871	0.1371	0.1592
54	0.00335	0.000209486	0.000310530	0.000325030	0.04877	0.04877	0.04877	0.0871	0.1371	0.1592
55	0.00367	0.000085872	0.000180483	0.000255751	0.04877	0.04877	0.04877	0.0731	0.1151	0.1336
56	0.00395	0.000085872	0.000180483	0.000255751	0.04877	0.04877	0.04877	0.0731	0.1151	0.1336
57	0.00420	0.000085872	0.000180483	0.000255751	0.04877	0.04877	0.04877	0.0731	0.1151	0.1336
58	0.00445	0.000085872	0.000180483	0.000255751	0.04877	0.04877	0.04877	0.0731	0.1151	0.1336
59	0.00496	0.000085872	0.000180483	0.000255751	0.04877	0.04877	0.04877	0.0731	0.1151	0.1336
60	0.00538	0.000094791	0.000239555	0.000300186	0.04877	0.04877	0.04877	0.0731	0.1151	0.1336
61	0.00598	0.000094791	0.000239555	0.000300186	0.04877	0.04877	0.04877	0.0731	0.1151	0.1336
62	0.00632	0.000094791	0.000239555	0.000300186	0.04877	0.04877	0.04877	0.0731	0.1151	0.1336
63	0.00680	0.000094791	0.000239555	0.000300186	0.04877	0.04877	0.04877	0.0731	0.1151	0.1336
64	0.00712	0.000094791	0.000239555	0.000300186	0.04877	0.04877	0.04877	0.0731	0.1151	0.1336
65	0.00783	0.000101620	0.000267413	0.000285712	0.04877	0.04877	0.04877	0.0731	0.1151	0.1336
66	0.00845	0.000101620	0.000267413	0.000285712	0.04877	0.04877	0.04877	0.0731	0.1151	0.1336
67	0.00938	0.000101620	0.000267413	0.000285712	0.04877	0.04877	0.04877	0.0731	0.1151	0.1336
68	0.01010	0.000101620	0.000267413	0.000285712	0.04877	0.04877	0.04877	0.0731	0.1151	0.1336
69	0.01137	0.000101620	0.000267413	0.000285712	0.04877	0.04877	0.04877	0.0731	0.1151	0.1336
70	0.01210	0.000154038	0.000355638	0.000370251	0.04877	0.04877	0.04877	0.0731	0.1151	0.1336
71	0.01342	0.000154038	0.000355638	0.000370251	0.04877	0.04877	0.04877	0.0731	0.1151	0.1336
72	0.01505	0.000154038	0.000355638	0.000370251	0.04877	0.04877	0.04877	0.0731	0.1151	0.1336
73	0.01705	0.000154038	0.000355638	0.000370251	0.04877	0.04877	0.04877	0.0731	0.1151	0.1336
74	0.01913	0.000154038	0.000355638	0.000370251	0.04877	0.04877	0.04877	0.0731	0.1151	0.1336
75	0.02149	0.000154038	0.000355638	0.000370251	0.04877	0.04877	0.04877	0.0731	0.1151	0.1336
76	0.02403	0.000030735	0.000062967	0.000049100	0.04877	0.04877	0.04877	0.0731	0.1151	0.1336
77	0.02741	0.000030735	0.000062967	0.000049100	0.04877	0.04877	0.04877	0.0731	0.1151	0.1336
78	0.03108	0.000030735	0.000062967	0.000049100	0.04877	0.04877	0.04877	0.0731	0.1151	0.1336
79	0.03441	0.000030735	0.000062967	0.000049100	0.04877	0.04877	0.04877	0.0731	0.1151	0.1336
80	0.03972	0.000036050	0.000058507	0.000045211	0.04877	0.04877	0.04877	0.0731	0.1151	0.1336
81	0.04550	0.000036050	0.000058507	0.000045211	0.04877	0.04877	0.04877	0.0731	0.1151	0.1336
82	0.05245	0.000036050	0.000058507	0.000045211	0.04877	0.04877	0.04877	0.0731	0.1151	0.1336
83	0.05885	0.000036050	0.000058507	0.000045211	0.04877	0.04877	0.04877	0.0731	0.1151	0.1336
84	0.06706	0.000036050	0.000058507	0.000045211	0.04877	0.04877	0.04877	0.0731	0.1151	0.1336
85	0.07565	0.000036050	0.000058507	0.000045211	0.04877	0.04877	0.04877	0.0731	0.1151	0.1336
86	0.08694	0.000036050	0.000058507	0.000045211	0.04877	0.04877	0.04877	0.0731	0.1151	0.1336
87	0.09893	0.000036050	0.000058507	0.000045211	0.04877	0.04877	0.04877	0.0731	0.1151	0.1336
88	0.11077	0.000036050	0.000058507	0.000045211	0.04877	0.04877	0.04877	0.0731	0.1151	0.1336
89	0.12548	0.000036050	0.000058507	0.000045211	0.04877	0.04877	0.04877	0.0731	0.1151	0.1336
90	0.14332	0.000036050	0.000058507	0.000045211	0.04877	0.04877	0.04877	0.0731	0.1151	0.1336
91	0.15972	0.000036050	0.000058507	0.000045211	0.04877	0.04877	0.04877	0.0731	0.1151	0.1336
92	0.17474	0.000036050	0.000058507	0.000045211	0.04877	0.04877	0.04877	0.0731	0.1151	0.1336
93	0.19442	0.000036050	0.000058507	0.000045211	0.04877	0.04877	0.04877	0.0731	0.1151	0.1336
94	0.21835	0.000036050	0.000058507	0.000045211	0.04877	0.04877	0.04877	0.0731	0.1151	0.1336
95	0.23814	0.000000000	0.000000000	0.000000000	0.04877	0.04877	0.04877	0.0731	0.1151	0.1336
96	0.25997	0.000000000	0.000000000	0.000000000	0.04877	0.04877	0.04877	0.0731	0.1151	0.1336
97	0.27809	0.000000000	0.000000000	0.000000000	0.04877	0.04877	0.04877	0.0731	0.1151	0.1336
98	0.30349	0.000000000	0.000000000	0.000000000	0.04877	0.04877	0.04877	0.0731	0.1151	0.1336
99	0.32201	0.000000000	0.000000000	0.000000000	0.04877	0.04877	0.04877	0.0731	0.1151	0.1336
100	1.00000	0.000000000	0.000000000	0.000000000	0.04877	0.04877	0.04877	0.0731	0.1151	0.1336
